{
 "cells": [
  {
   "cell_type": "code",
   "execution_count": 1,
   "id": "30504a72",
   "metadata": {},
   "outputs": [
    {
     "data": {
      "text/html": [
       "<style>.container { width:90% !important; }</style>"
      ],
      "text/plain": [
       "<IPython.core.display.HTML object>"
      ]
     },
     "metadata": {},
     "output_type": "display_data"
    },
    {
     "name": "stdout",
     "output_type": "stream",
     "text": [
      "Got exception No module named 'unicorn'\n"
     ]
    },
    {
     "name": "stderr",
     "output_type": "stream",
     "text": [
      "failed to import av\n"
     ]
    },
    {
     "name": "stdout",
     "output_type": "stream",
     "text": [
      "False\n"
     ]
    }
   ],
   "source": [
    "init_jupyter()\n",
    "from PyQt5 import QtGui, QtCore, QtWidgets, QtTest\n",
    "import bpy\n",
    "from chdrft.sim.moon_sunrise import *\n",
    "ctx = app.setup_jup('--cache-file=/tmp/render_blender.cache.pickle', parser_funcs=[render_params])\n",
    "\n",
    "%load_ext autoreload\n",
    "%autoreload 1\n",
    "import chdrft.sim.blender as ms_blender\n",
    "from chdrft.display.blender import *\n",
    "from mathutils import Euler\n",
    "import mathutils\n",
    "\n"
   ]
  },
  {
   "cell_type": "code",
   "execution_count": 2,
   "id": "d94bcecd",
   "metadata": {},
   "outputs": [],
   "source": [
    "#data_blocks = {node for node in bpy.data.node_groups if node.name == 'node_earth_mat'}\n",
    "#bpy.data.libraries.write('./resources.blend', data_blocks, fake_user=True)"
   ]
  },
  {
   "cell_type": "code",
   "execution_count": 7,
   "id": "6e60cdba",
   "metadata": {},
   "outputs": [],
   "source": [
    "def build_ms():\n",
    "    ms = ms_blender.MoonSunriseBlender(ctx)\n",
    "\n",
    "    ctx.width = 2000\n",
    "    ctx.height = 2000\n",
    "    ctx.moon_model = 'pic'\n",
    "    ctx.earth_depth = 4\n",
    "    ctx.earth_tile_depth = 4\n",
    "    ms.build()\n",
    "    earth = ms.objs[ActorType.Earth]\n",
    "    cam = ms.objs[ActorType.Cam]\n",
    "    sun = ms.objs[ActorType.Light]\n",
    "    moon = ms.objs[ActorType.Moon]\n",
    "    \n",
    "    ms.configure_earth_mat(Specular=0)\n",
    "    ms.configure_cam(view_angle=ctx.view_angle, res=(1000, 100))\n",
    "    ms.configure_at(ctx.t0)\n",
    "    \n",
    "    radius_sun = 696340 * ms.km2u\n",
    "    ang_sun =  math.asin(radius_sun / np.linalg.norm((moon._data.pos - sun._data.pos)))\n",
    "    print(ang_sun)\n",
    "    ang_sun = np.deg2rad(2) # increase because \n",
    "    sun.obj.data.angle = ang_sun\n",
    "    np.set_printoptions(precision=8)\n",
    "    return ms\n",
    "\n",
    "def render_scene(ms, tl, outpath, dataf=lambda _: None):\n",
    "    cmisc.makedirs(outpath)\n",
    "    for i,t in enumerate(tl):\n",
    "        print(f'on {i=} {t=} {outpath=}')\n",
    "        ms.configure_at(t, data=dataf(t))\n",
    "        ms.render(os.path.join(outpath, f'img_{i:04d}.png'))\n",
    "    Z.FileFormatHelper.Write(os.path.join(outpath, 'data.json'), tl)"
   ]
  },
  {
   "cell_type": "code",
   "execution_count": null,
   "id": "b2595d59",
   "metadata": {},
   "outputs": [],
   "source": [
    "ms = build_ms(True)\n",
    "ms.configure_cam(res=(1500, 200))\n",
    "tl1 = pd.date_range(ctx.tx0, ctx.tx0  + datetime.timedelta(seconds=300), 100)\n",
    "render_scene(ms, tl1, 'vid_pole_narrow')\n",
    "ms.configure_cam(res=(1500, 1500))\n",
    "render_scene(ms, tl1, 'vid_pole_wide')"
   ]
  },
  {
   "cell_type": "code",
   "execution_count": 5,
   "id": "62cc6aab",
   "metadata": {},
   "outputs": [
    {
     "name": "stdout",
     "output_type": "stream",
     "text": [
      "0.004676273208565445\n",
      "on i=0 t=Timestamp('2015-10-12 12:17:53+0000', tz='UTC') outpath='vid_earthrise'\n",
      "[ 0.00655396 -0.83397927  0.55175684] {'pos': array([ 0.62439852, -0.92847725, -1.50815224]), 'v': array([ 0.8144104, -0.9676559,  0.9655788]), 'rot': array([[ 9.99684203e-01, -1.38674284e-02, -2.09568367e-02],\n",
      "       [ 1.38639760e-02,  9.99903842e-01, -3.10023172e-04],\n",
      "       [ 2.09591208e-02,  1.93801865e-05,  9.99780333e-01]])}\n",
      "Saved: 'vid_earthrise/img_0000.png'\n",
      " Time: 00:24.56 (Saving: 00:00.14)\n",
      "\n",
      "on i=1 t=Timestamp('2015-10-12 12:17:54.012658227+0000', tz='UTC') outpath='vid_earthrise'\n",
      "[ 0.00655396 -0.83397927  0.55175684] {'pos': array([ 0.62521091, -0.92944244, -1.50718823]), 'v': array([ 0.81394511, -0.96697601,  0.96669023]), 'rot': array([[ 9.99684203e-01, -1.38674284e-02, -2.09568367e-02],\n",
      "       [ 1.38639760e-02,  9.99903842e-01, -3.10023172e-04],\n",
      "       [ 2.09591208e-02,  1.93801865e-05,  9.99780333e-01]])}\n",
      "Saved: 'vid_earthrise/img_0001.png'\n",
      " Time: 00:26.48 (Saving: 00:00.14)\n",
      "\n",
      "on i=2 t=Timestamp('2015-10-12 12:17:55.025316455+0000', tz='UTC') outpath='vid_earthrise'\n",
      "[ 0.00655396 -0.83397927  0.55175684] {'pos': array([ 0.62602283, -0.93040695, -1.50622312]), 'v': array([ 0.8134792 , -0.96629538,  0.967801  ]), 'rot': array([[ 9.99684203e-01, -1.38674284e-02, -2.09568367e-02],\n",
      "       [ 1.38639760e-02,  9.99903842e-01, -3.10023172e-04],\n",
      "       [ 2.09591208e-02,  1.93801865e-05,  9.99780333e-01]])}\n",
      "Saved: 'vid_earthrise/img_0002.png'\n",
      " Time: 00:27.96on i=3 t=Timestamp('2015-10-12 12:17:56.037974683+0000', tz='UTC') outpath='vid_earthrise' (Saving: 00:00.14)\n",
      "\n",
      "\n",
      "[ 0.00655396 -0.83397927  0.55175684] {'pos': array([ 0.62683429, -0.93137078, -1.50525689]), 'v': array([ 0.81301268, -0.965614  ,  0.9689111 ]), 'rot': array([[ 9.99684203e-01, -1.38674284e-02, -2.09568367e-02],\n",
      "       [ 1.38639760e-02,  9.99903842e-01, -3.10023172e-04],\n",
      "       [ 2.09591208e-02,  1.93801865e-05,  9.99780333e-01]])}\n",
      "Saved: 'vid_earthrise/img_0003.png'\n",
      " Time: 00:29.23 (Saving: 00:00.15)\n",
      "\n",
      "on i=4 t=Timestamp('2015-10-12 12:17:57.050632911+0000', tz='UTC') outpath='vid_earthrise'\n",
      "[ 0.00655396 -0.83397927  0.55175684] {'pos': array([ 0.62764528, -0.93233393, -1.50428956]), 'v': array([ 0.81254555, -0.96493189,  0.97002054]), 'rot': array([[ 9.99684203e-01, -1.38674284e-02, -2.09568367e-02],\n",
      "       [ 1.38639760e-02,  9.99903842e-01, -3.10023172e-04],\n",
      "       [ 2.09591208e-02,  1.93801865e-05,  9.99780333e-01]])}\n",
      "Saved: 'vid_earthrise/img_0004.png'\n",
      " Time: 00:30.24 (Saving: 00:00.14)\n",
      "\n",
      "on i=5 t=Timestamp('2015-10-12 12:17:58.063291139+0000', tz='UTC') outpath='vid_earthrise'\n",
      "[ 0.00655396 -0.83397927  0.55175684] {'pos': array([ 0.6284558 , -0.9332964 , -1.50332112]), 'v': array([ 0.8120778 , -0.96424904,  0.97112931]), 'rot': array([[ 9.99684203e-01, -1.38674284e-02, -2.09568367e-02],\n",
      "       [ 1.38639760e-02,  9.99903842e-01, -3.10023172e-04],\n",
      "       [ 2.09591208e-02,  1.93801865e-05,  9.99780333e-01]])}\n",
      "Saved: 'vid_earthrise/img_0005.png'\n",
      " Time: 00:31.68 (Saving: 00:00.14)\n",
      "\n",
      "on i=6 t=Timestamp('2015-10-12 12:17:59.075949367+0000', tz='UTC') outpath='vid_earthrise'\n",
      "[ 0.00655396 -0.83397927  0.55175684] {'pos': array([ 0.62926586, -0.93425819, -1.50235157]), 'v': array([ 0.81160943, -0.96356544,  0.97223742]), 'rot': array([[ 9.99684203e-01, -1.38674284e-02, -2.09568367e-02],\n",
      "       [ 1.38639760e-02,  9.99903842e-01, -3.10023172e-04],\n",
      "       [ 2.09591208e-02,  1.93801865e-05,  9.99780333e-01]])}\n",
      "Saved: 'vid_earthrise/img_0006.png'\n",
      " Time: 00:32.69 (Saving: 00:00.14)\n",
      "\n",
      "on i=7 t=Timestamp('2015-10-12 12:18:00.088607594+0000', tz='UTC') outpath='vid_earthrise'\n",
      "[ 0.00655396 -0.83397927  0.55175684] {'pos': array([ 0.63007545, -0.93521929, -1.50138092]), 'v': array([ 0.81114046, -0.96288111,  0.97334486]), 'rot': array([[ 9.99684203e-01, -1.38674284e-02, -2.09568367e-02],\n",
      "       [ 1.38639760e-02,  9.99903842e-01, -3.10023172e-04],\n",
      "       [ 2.09591208e-02,  1.93801865e-05,  9.99780333e-01]])}\n",
      "Saved: 'vid_earthrise/img_0007.png'\n",
      " Time: 00:33.66 (Saving: 00:00.15)\n",
      "\n",
      "on i=8 t=Timestamp('2015-10-12 12:18:01.101265822+0000', tz='UTC') outpath='vid_earthrise'\n",
      "[ 0.00655396 -0.83397927  0.55175684] {'pos': array([ 0.63088457, -0.93617971, -1.50040916]), 'v': array([ 0.81067087, -0.96219603,  0.97445163]), 'rot': array([[ 9.99684203e-01, -1.38674284e-02, -2.09568367e-02],\n",
      "       [ 1.38639760e-02,  9.99903842e-01, -3.10023172e-04],\n",
      "       [ 2.09591208e-02,  1.93801865e-05,  9.99780333e-01]])}\n",
      "Saved: 'vid_earthrise/img_0008.png'\n",
      " Time: 00:34.68 (Saving: 00:00.14)\n",
      "\n",
      "on i=9 t=Timestamp('2015-10-12 12:18:02.113924050+0000', tz='UTC') outpath='vid_earthrise'\n",
      "[ 0.00655396 -0.83397927  0.55175684] {'pos': array([ 0.63169323, -0.93713945, -1.4994363 ]), 'v': array([ 0.81020067, -0.96151022,  0.97555774]), 'rot': array([[ 9.99684203e-01, -1.38674284e-02, -2.09568367e-02],\n",
      "       [ 1.38639760e-02,  9.99903842e-01, -3.10023172e-04],\n",
      "       [ 2.09591208e-02,  1.93801865e-05,  9.99780333e-01]])}\n",
      "Saved: 'vid_earthrise/img_0009.png'\n",
      " Time: 00:35.45 (Saving: 00:00.15)\n",
      "\n",
      "on i=10 t=Timestamp('2015-10-12 12:18:03.126582278+0000', tz='UTC') outpath='vid_earthrise'\n",
      "[ 0.00655396 -0.83397927  0.55175684] {'pos': array([ 0.63250141, -0.9380985 , -1.49846234]), 'v': array([ 0.80972985, -0.96082367,  0.97666317]), 'rot': array([[ 9.99684203e-01, -1.38674284e-02, -2.09568367e-02],\n",
      "       [ 1.38639760e-02,  9.99903842e-01, -3.10023172e-04],\n",
      "       [ 2.09591208e-02,  1.93801865e-05,  9.99780333e-01]])}\n",
      "Saved: 'vid_earthrise/img_0010.png'\n",
      " Time: 00:36.02 (Saving: 00:00.14)\n",
      "\n",
      "on i=11 t=Timestamp('2015-10-12 12:18:04.139240506+0000', tz='UTC') outpath='vid_earthrise'\n",
      "[ 0.00655396 -0.83397927  0.55175684] {'pos': array([ 0.63330912, -0.93905687, -1.49748728]), 'v': array([ 0.80925842, -0.96013637,  0.97776794]), 'rot': array([[ 9.99684203e-01, -1.38674284e-02, -2.09568367e-02],\n",
      "       [ 1.38639760e-02,  9.99903842e-01, -3.10023172e-04],\n",
      "       [ 2.09591208e-02,  1.93801865e-05,  9.99780333e-01]])}\n",
      "Saved: 'vid_earthrise/img_0011.png'\n",
      " Time: 00:36.95 (Saving: 00:00.15)\n",
      "\n",
      "on i=12 t=Timestamp('2015-10-12 12:18:05.151898734+0000', tz='UTC') outpath='vid_earthrise'\n",
      "[ 0.00655396 -0.83397927  0.55175684] {'pos': array([ 0.63411637, -0.94001455, -1.49651111]), 'v': array([ 0.80878638, -0.95944835,  0.97887204]), 'rot': array([[ 9.99684203e-01, -1.38674284e-02, -2.09568367e-02],\n",
      "       [ 1.38639760e-02,  9.99903842e-01, -3.10023172e-04],\n",
      "       [ 2.09591208e-02,  1.93801865e-05,  9.99780333e-01]])}\n",
      "Saved: 'vid_earthrise/img_0012.png'\n",
      " Time: 00:37.28 (Saving: 00:00.14)\n",
      "\n",
      "on i=13 t=Timestamp('2015-10-12 12:18:06.164556962+0000', tz='UTC') outpath='vid_earthrise'\n",
      "[ 0.00655396 -0.83397927  0.55175684] {'pos': array([ 0.63492314, -0.94097154, -1.49553384]), 'v': array([ 0.80831373, -0.95875958,  0.97997546]), 'rot': array([[ 9.99684203e-01, -1.38674284e-02, -2.09568367e-02],\n",
      "       [ 1.38639760e-02,  9.99903842e-01, -3.10023172e-04],\n",
      "       [ 2.09591208e-02,  1.93801865e-05,  9.99780333e-01]])}\n",
      "Saved: 'vid_earthrise/img_0013.png'\n",
      " Time: 00:37.88 (Saving: 00:00.15)\n",
      "\n",
      "on i=14 t=Timestamp('2015-10-12 12:18:07.177215189+0000', tz='UTC') outpath='vid_earthrise'\n",
      "[ 0.00655396 -0.83397927  0.55175684] {'pos': array([ 0.63572944, -0.94192785, -1.49455547]), 'v': array([ 0.80784047, -0.95807007,  0.98107821]), 'rot': array([[ 9.99684203e-01, -1.38674284e-02, -2.09568367e-02],\n",
      "       [ 1.38639760e-02,  9.99903842e-01, -3.10023172e-04],\n",
      "       [ 2.09591208e-02,  1.93801865e-05,  9.99780333e-01]])}\n",
      "Saved: 'vid_earthrise/img_0014.png'\n",
      " Time: 00:38.29 (Saving: 00:00.14)\n",
      "\n",
      "on i=15 t=Timestamp('2015-10-12 12:18:08.189873417+0000', tz='UTC') outpath='vid_earthrise'\n",
      "[ 0.00655396 -0.83397927  0.55175684] {'pos': array([ 0.63653526, -0.94288347, -1.493576  ]), 'v': array([ 0.80736659, -0.95737983,  0.98218029]), 'rot': array([[ 9.99684203e-01, -1.38674284e-02, -2.09568367e-02],\n",
      "       [ 1.38639760e-02,  9.99903842e-01, -3.10023172e-04],\n",
      "       [ 2.09591208e-02,  1.93801865e-05,  9.99780333e-01]])}\n",
      "Saved: 'vid_earthrise/img_0015.png'\n",
      " Time: 00:38.78 (Saving: 00:00.15)\n",
      "\n",
      "on i=16 t=Timestamp('2015-10-12 12:18:09.202531645+0000', tz='UTC') outpath='vid_earthrise'\n",
      "[ 0.00655396 -0.83397927  0.55175684] {'pos': array([ 0.63734062, -0.9438384 , -1.49259543]), 'v': array([ 0.80689211, -0.95668886,  0.9832817 ]), 'rot': array([[ 9.99684203e-01, -1.38674284e-02, -2.09568367e-02],\n",
      "       [ 1.38639760e-02,  9.99903842e-01, -3.10023172e-04],\n",
      "       [ 2.09591208e-02,  1.93801865e-05,  9.99780333e-01]])}\n"
     ]
    },
    {
     "name": "stdout",
     "output_type": "stream",
     "text": [
      "Saved: 'vid_earthrise/img_0016.png'\n",
      " Time: 00:38.99 (Saving: 00:00.15)\n",
      "\n",
      "on i=17 t=Timestamp('2015-10-12 12:18:10.215189873+0000', tz='UTC') outpath='vid_earthrise'\n",
      "[ 0.00655396 -0.83397927  0.55175684] {'pos': array([ 0.6381455 , -0.94479264, -1.49161376]), 'v': array([ 0.80641701, -0.95599714,  0.98438243]), 'rot': array([[ 9.99684203e-01, -1.38674284e-02, -2.09568367e-02],\n",
      "       [ 1.38639760e-02,  9.99903842e-01, -3.10023172e-04],\n",
      "       [ 2.09591208e-02,  1.93801865e-05,  9.99780333e-01]])}\n",
      "Saved: 'vid_earthrise/img_0017.png'\n",
      " Time: 00:39.68 (Saving: 00:00.15)\n",
      "\n",
      "on i=18 t=Timestamp('2015-10-12 12:18:11.227848101+0000', tz='UTC') outpath='vid_earthrise'\n",
      "[ 0.00655396 -0.83397927  0.55175684] {'pos': array([ 0.6389499 , -0.94574619, -1.490631  ]), 'v': array([ 0.8059413 , -0.95530469,  0.98548249]), 'rot': array([[ 9.99684203e-01, -1.38674284e-02, -2.09568367e-02],\n",
      "       [ 1.38639760e-02,  9.99903842e-01, -3.10023172e-04],\n",
      "       [ 2.09591208e-02,  1.93801865e-05,  9.99780333e-01]])}\n",
      "Saved: 'vid_earthrise/img_0018.png'\n",
      " Time: 00:39.99 (Saving: 00:00.15)\n",
      "\n",
      "on i=19 t=Timestamp('2015-10-12 12:18:12.240506329+0000', tz='UTC') outpath='vid_earthrise'\n",
      "[ 0.00655396 -0.83397927  0.55175684] {'pos': array([ 0.63975383, -0.94669904, -1.48964713]), 'v': array([ 0.80546499, -0.95461151,  0.98658187]), 'rot': array([[ 9.99684203e-01, -1.38674284e-02, -2.09568367e-02],\n",
      "       [ 1.38639760e-02,  9.99903842e-01, -3.10023172e-04],\n",
      "       [ 2.09591208e-02,  1.93801865e-05,  9.99780333e-01]])}\n",
      "Saved: 'vid_earthrise/img_0019.png'\n",
      " Time: 00:40.10 (Saving: 00:00.15)\n",
      "\n",
      "on i=20 t=Timestamp('2015-10-12 12:18:13.253164556+0000', tz='UTC') outpath='vid_earthrise'\n",
      "[ 0.00655396 -0.83397927  0.55175684] {'pos': array([ 0.64055729, -0.94765121, -1.48866217]), 'v': array([ 0.80498806, -0.95391759,  0.98768058]), 'rot': array([[ 9.99684203e-01, -1.38674284e-02, -2.09568367e-02],\n",
      "       [ 1.38639760e-02,  9.99903842e-01, -3.10023172e-04],\n",
      "       [ 2.09591208e-02,  1.93801865e-05,  9.99780333e-01]])}\n",
      "Saved: 'vid_earthrise/img_0020.png'\n",
      " Time: 00:40.50 (Saving: 00:00.15)\n",
      "\n",
      "on i=21 t=Timestamp('2015-10-12 12:18:14.265822784+0000', tz='UTC') outpath='vid_earthrise'\n",
      "[ 0.00655396 -0.83397927  0.55175684] {'pos': array([ 0.64136027, -0.94860268, -1.48767612]), 'v': array([ 0.80451052, -0.95322293,  0.9887786 ]), 'rot': array([[ 9.99684203e-01, -1.38674284e-02, -2.09568367e-02],\n",
      "       [ 1.38639760e-02,  9.99903842e-01, -3.10023172e-04],\n",
      "       [ 2.09591208e-02,  1.93801865e-05,  9.99780333e-01]])}\n",
      "Saved: 'vid_earthrise/img_0021.png'\n",
      " Time: 00:40.77 (Saving: 00:00.15)\n",
      "\n",
      "on i=22 t=Timestamp('2015-10-12 12:18:15.278481012+0000', tz='UTC') outpath='vid_earthrise'\n",
      "[ 0.00655396 -0.83397927  0.55175684] {'pos': array([ 0.64216277, -0.94955346, -1.48668897]), 'v': array([ 0.80403237, -0.95252755,  0.98987595]), 'rot': array([[ 9.99684203e-01, -1.38674284e-02, -2.09568367e-02],\n",
      "       [ 1.38639760e-02,  9.99903842e-01, -3.10023172e-04],\n",
      "       [ 2.09591208e-02,  1.93801865e-05,  9.99780333e-01]])}\n",
      "Saved: 'vid_earthrise/img_0022.png'\n",
      " Time: 00:40.85 (Saving: 00:00.15)\n",
      "\n",
      "on i=23 t=Timestamp('2015-10-12 12:18:16.291139240+0000', tz='UTC') outpath='vid_earthrise'\n",
      "[ 0.00655396 -0.83397927  0.55175684] {'pos': array([ 0.64296479, -0.95050354, -1.48570072]), 'v': array([ 0.80355362, -0.95183142,  0.99097262]), 'rot': array([[ 9.99684203e-01, -1.38674284e-02, -2.09568367e-02],\n",
      "       [ 1.38639760e-02,  9.99903842e-01, -3.10023172e-04],\n",
      "       [ 2.09591208e-02,  1.93801865e-05,  9.99780333e-01]])}\n",
      "Saved: 'vid_earthrise/img_0023.png'\n",
      " Time: 00:41.40 (Saving: 00:00.15)\n",
      "\n",
      "on i=24 t=Timestamp('2015-10-12 12:18:17.303797468+0000', tz='UTC') outpath='vid_earthrise'\n",
      "[ 0.00655396 -0.83397927  0.55175684] {'pos': array([ 0.64376634, -0.95145293, -1.48471138]), 'v': array([ 0.80307425, -0.95113457,  0.99206861]), 'rot': array([[ 9.99684203e-01, -1.38674284e-02, -2.09568367e-02],\n",
      "       [ 1.38639760e-02,  9.99903842e-01, -3.10023172e-04],\n",
      "       [ 2.09591208e-02,  1.93801865e-05,  9.99780333e-01]])}\n",
      "Saved: 'vid_earthrise/img_0024.png'\n",
      " Time: 00:40.84 (Saving: 00:00.14)\n",
      "\n",
      "on i=25 t=Timestamp('2015-10-12 12:18:18.316455696+0000', tz='UTC') outpath='vid_earthrise'\n",
      "[ 0.00655396 -0.83397927  0.55175684] {'pos': array([ 0.64456741, -0.95240163, -1.48372095]), 'v': array([ 0.80259428, -0.95043698,  0.99316392]), 'rot': array([[ 9.99684203e-01, -1.38674284e-02, -2.09568367e-02],\n",
      "       [ 1.38639760e-02,  9.99903842e-01, -3.10023172e-04],\n",
      "       [ 2.09591208e-02,  1.93801865e-05,  9.99780333e-01]])}\n",
      "Saved: 'vid_earthrise/img_0025.png'\n",
      " Time: 00:40.76 (Saving: 00:00.14)\n",
      "\n",
      "on i=26 t=Timestamp('2015-10-12 12:18:19.329113924+0000', tz='UTC') outpath='vid_earthrise'\n",
      "[ 0.00655396 -0.83397927  0.55175684] {'pos': array([ 0.645368  , -0.95334962, -1.48272943]), 'v': array([ 0.8021137 , -0.94973866,  0.99425855]), 'rot': array([[ 9.99684203e-01, -1.38674284e-02, -2.09568367e-02],\n",
      "       [ 1.38639760e-02,  9.99903842e-01, -3.10023172e-04],\n",
      "       [ 2.09591208e-02,  1.93801865e-05,  9.99780333e-01]])}\n",
      "Saved: 'vid_earthrise/img_0026.png'\n",
      " Time: 00:41.02 (Saving: 00:00.14)\n",
      "\n",
      "on i=27 t=Timestamp('2015-10-12 12:18:20.341772151+0000', tz='UTC') outpath='vid_earthrise'\n",
      "[ 0.00655396 -0.83397927  0.55175684] {'pos': array([ 0.64616811, -0.95429693, -1.48173681]), 'v': array([ 0.80163251, -0.9490396 ,  0.9953525 ]), 'rot': array([[ 9.99684203e-01, -1.38674284e-02, -2.09568367e-02],\n",
      "       [ 1.38639760e-02,  9.99903842e-01, -3.10023172e-04],\n",
      "       [ 2.09591208e-02,  1.93801865e-05,  9.99780333e-01]])}\n",
      "Saved: 'vid_earthrise/img_0027.png'\n",
      " Time: 00:40.95 (Saving: 00:00.14)\n",
      "\n",
      "on i=28 t=Timestamp('2015-10-12 12:18:21.354430379+0000', tz='UTC') outpath='vid_earthrise'\n",
      "[ 0.00655396 -0.83397927  0.55175684] {'pos': array([ 0.64696774, -0.95524353, -1.4807431 ]), 'v': array([ 0.80115071, -0.94833982,  0.99644576]), 'rot': array([[ 9.99684203e-01, -1.38674284e-02, -2.09568367e-02],\n",
      "       [ 1.38639760e-02,  9.99903842e-01, -3.10023172e-04],\n",
      "       [ 2.09591208e-02,  1.93801865e-05,  9.99780333e-01]])}\n",
      "Saved: 'vid_earthrise/img_0028.png'\n",
      " Time: 00:41.17 (Saving: 00:00.15)\n",
      "\n",
      "on i=29 t=Timestamp('2015-10-12 12:18:22.367088607+0000', tz='UTC') outpath='vid_earthrise'\n",
      "[ 0.00655396 -0.83397927  0.55175684] {'pos': array([ 0.64776688, -0.95618943, -1.4797483 ]), 'v': array([ 0.80066831, -0.9476393 ,  0.99753834]), 'rot': array([[ 9.99684203e-01, -1.38674284e-02, -2.09568367e-02],\n",
      "       [ 1.38639760e-02,  9.99903842e-01, -3.10023172e-04],\n",
      "       [ 2.09591208e-02,  1.93801865e-05,  9.99780333e-01]])}\n",
      "Saved: 'vid_earthrise/img_0029.png'\n",
      " Time: 00:41.61 (Saving: 00:00.14)\n",
      "\n",
      "on i=30 t=Timestamp('2015-10-12 12:18:23.379746835+0000', tz='UTC') outpath='vid_earthrise'\n",
      "[ 0.00655396 -0.83397927  0.55175684] {'pos': array([ 0.64856555, -0.95713464, -1.47875241]), 'v': array([ 0.80018529, -0.94693805,  0.99863023]), 'rot': array([[ 9.99684203e-01, -1.38674284e-02, -2.09568367e-02],\n",
      "       [ 1.38639760e-02,  9.99903842e-01, -3.10023172e-04],\n",
      "       [ 2.09591208e-02,  1.93801865e-05,  9.99780333e-01]])}\n",
      "Saved: 'vid_earthrise/img_0030.png'\n",
      " Time: 00:41.73 (Saving: 00:00.14)\n",
      "\n",
      "on i=31 t=Timestamp('2015-10-12 12:18:24.392405063+0000', tz='UTC') outpath='vid_earthrise'\n",
      "[ 0.00655396 -0.83397927  0.55175684] {'pos': array([ 0.64936373, -0.95807914, -1.47775544]), 'v': array([ 0.79970167, -0.94623608,  0.99972144]), 'rot': array([[ 9.99684203e-01, -1.38674284e-02, -2.09568367e-02],\n",
      "       [ 1.38639760e-02,  9.99903842e-01, -3.10023172e-04],\n",
      "       [ 2.09591208e-02,  1.93801865e-05,  9.99780333e-01]])}\n",
      "Saved: 'vid_earthrise/img_0031.png'\n",
      " Time: 00:41.70 (Saving: 00:00.15)\n",
      "\n",
      "on i=32 t=Timestamp('2015-10-12 12:18:25.405063291+0000', tz='UTC') outpath='vid_earthrise'\n",
      "[ 0.00655396 -0.83397927  0.55175684] {'pos': array([ 0.65016143, -0.95902294, -1.47675737]), 'v': array([ 0.79921745, -0.94553337,  1.00081196]), 'rot': array([[ 9.99684203e-01, -1.38674284e-02, -2.09568367e-02],\n",
      "       [ 1.38639760e-02,  9.99903842e-01, -3.10023172e-04],\n",
      "       [ 2.09591208e-02,  1.93801865e-05,  9.99780333e-01]])}\n",
      "Saved: 'vid_earthrise/img_0032.png'\n",
      " Time: 00:41.90 (Saving: 00:00.14)\n",
      "\n",
      "on i=33 t=Timestamp('2015-10-12 12:18:26.417721518+0000', tz='UTC') outpath='vid_earthrise'\n",
      "[ 0.00655396 -0.83397927  0.55175684] {'pos': array([ 0.65095865, -0.95996605, -1.47575822]), 'v': array([ 0.79873261, -0.94482993,  1.0019018 ]), 'rot': array([[ 9.99684203e-01, -1.38674284e-02, -2.09568367e-02],\n",
      "       [ 1.38639760e-02,  9.99903842e-01, -3.10023172e-04],\n",
      "       [ 2.09591208e-02,  1.93801865e-05,  9.99780333e-01]])}\n"
     ]
    },
    {
     "name": "stdout",
     "output_type": "stream",
     "text": [
      "Saved: 'vid_earthrise/img_0033.png'\n",
      " Time: 00:42.07 (Saving: 00:00.14)\n",
      "\n",
      "on i=34 t=Timestamp('2015-10-12 12:18:27.430379746+0000', tz='UTC') outpath='vid_earthrise'\n",
      "[ 0.00655396 -0.83397927  0.55175684] {'pos': array([ 0.65175538, -0.96090845, -1.47475797]), 'v': array([ 0.79824718, -0.94412576,  1.00299095]), 'rot': array([[ 9.99684203e-01, -1.38674284e-02, -2.09568367e-02],\n",
      "       [ 1.38639760e-02,  9.99903842e-01, -3.10023172e-04],\n",
      "       [ 2.09591208e-02,  1.93801865e-05,  9.99780333e-01]])}\n",
      "Saved: 'vid_earthrise/img_0034.png'\n",
      " Time: 00:42.25 (Saving: 00:00.14)\n",
      "\n",
      "on i=35 t=Timestamp('2015-10-12 12:18:28.443037974+0000', tz='UTC') outpath='vid_earthrise'\n",
      "[ 0.00655396 -0.83397927  0.55175684] {'pos': array([ 0.65255163, -0.96185015, -1.47375665]), 'v': array([ 0.79776113, -0.94342087,  1.00407941]), 'rot': array([[ 9.99684203e-01, -1.38674284e-02, -2.09568367e-02],\n",
      "       [ 1.38639760e-02,  9.99903842e-01, -3.10023172e-04],\n",
      "       [ 2.09591208e-02,  1.93801865e-05,  9.99780333e-01]])}\n",
      "Saved: 'vid_earthrise/img_0035.png'\n",
      " Time: 00:42.23 (Saving: 00:00.14)\n",
      "\n",
      "on i=36 t=Timestamp('2015-10-12 12:18:29.455696202+0000', tz='UTC') outpath='vid_earthrise'\n",
      "[ 0.00655396 -0.83397927  0.55175684] {'pos': array([ 0.6533474 , -0.96279114, -1.47275423]), 'v': array([ 0.79727448, -0.94271524,  1.00516718]), 'rot': array([[ 9.99684203e-01, -1.38674284e-02, -2.09568367e-02],\n",
      "       [ 1.38639760e-02,  9.99903842e-01, -3.10023172e-04],\n",
      "       [ 2.09591208e-02,  1.93801865e-05,  9.99780333e-01]])}\n",
      "Saved: 'vid_earthrise/img_0036.png'\n",
      " Time: 00:42.39 (Saving: 00:00.14)\n",
      "\n",
      "on i=37 t=Timestamp('2015-10-12 12:18:30.468354430+0000', tz='UTC') outpath='vid_earthrise'\n",
      "[ 0.00655396 -0.83397927  0.55175684] {'pos': array([ 0.65414267, -0.96373143, -1.47175074]), 'v': array([ 0.79678723, -0.94200889,  1.00625426]), 'rot': array([[ 9.99684203e-01, -1.38674284e-02, -2.09568367e-02],\n",
      "       [ 1.38639760e-02,  9.99903842e-01, -3.10023172e-04],\n",
      "       [ 2.09591208e-02,  1.93801865e-05,  9.99780333e-01]])}\n",
      "Saved: 'vid_earthrise/img_0037.png'\n",
      " Time: 00:42.50 (Saving: 00:00.15)\n",
      "\n",
      "on i=38 t=Timestamp('2015-10-12 12:18:31.481012658+0000', tz='UTC') outpath='vid_earthrise'\n",
      "[ 0.00655396 -0.83397927  0.55175684] {'pos': array([ 0.65493746, -0.96467101, -1.47074615]), 'v': array([ 0.79629936, -0.9413018 ,  1.00734065]), 'rot': array([[ 9.99684203e-01, -1.38674284e-02, -2.09568367e-02],\n",
      "       [ 1.38639760e-02,  9.99903842e-01, -3.10023172e-04],\n",
      "       [ 2.09591208e-02,  1.93801865e-05,  9.99780333e-01]])}\n",
      "Saved: 'vid_earthrise/img_0038.png'\n",
      " Time: 00:42.73 (Saving: 00:00.14)\n",
      "\n",
      "on i=39 t=Timestamp('2015-10-12 12:18:32.493670886+0000', tz='UTC') outpath='vid_earthrise'\n",
      "[ 0.00655396 -0.83397927  0.55175684] {'pos': array([ 0.65573177, -0.96560989, -1.46974049]), 'v': array([ 0.7958109 , -0.940594  ,  1.00842634]), 'rot': array([[ 9.99684203e-01, -1.38674284e-02, -2.09568367e-02],\n",
      "       [ 1.38639760e-02,  9.99903842e-01, -3.10023172e-04],\n",
      "       [ 2.09591208e-02,  1.93801865e-05,  9.99780333e-01]])}\n",
      "Saved: 'vid_earthrise/img_0039.png'\n",
      "on i=40 t=Timestamp('2015-10-12 12:18:33.506329113+0000', tz='UTC') outpath='vid_earthrise'\n",
      " Time: 00:42.84 (Saving: 00:00.14)\n",
      "\n",
      "[ 0.00655396 -0.83397927  0.55175684] {'pos': array([ 0.65652558, -0.96654806, -1.46873374]), 'v': array([ 0.79532183, -0.93988546,  1.00951135]), 'rot': array([[ 9.99684203e-01, -1.38674284e-02, -2.09568367e-02],\n",
      "       [ 1.38639760e-02,  9.99903842e-01, -3.10023172e-04],\n",
      "       [ 2.09591208e-02,  1.93801865e-05,  9.99780333e-01]])}\n",
      "Saved: 'vid_earthrise/img_0040.png'\n",
      " Time: 00:42.82 (Saving: 00:00.14)\n",
      "\n",
      "on i=41 t=Timestamp('2015-10-12 12:18:34.518987341+0000', tz='UTC') outpath='vid_earthrise'\n",
      "[ 0.00655396 -0.83397927  0.55175684] {'pos': array([ 0.65731891, -0.96748552, -1.46772591]), 'v': array([ 0.79483216, -0.9391762 ,  1.01059566]), 'rot': array([[ 9.99684203e-01, -1.38674284e-02, -2.09568367e-02],\n",
      "       [ 1.38639760e-02,  9.99903842e-01, -3.10023172e-04],\n",
      "       [ 2.09591208e-02,  1.93801865e-05,  9.99780333e-01]])}\n",
      "Saved: 'vid_earthrise/img_0041.png'\n",
      " Time: 00:43.11 (Saving: 00:00.14)\n",
      "\n",
      "on i=42 t=Timestamp('2015-10-12 12:18:35.531645569+0000', tz='UTC') outpath='vid_earthrise'\n",
      "[ 0.00655396 -0.83397927  0.55175684] {'pos': array([ 0.65811175, -0.96842228, -1.46671699]), 'v': array([ 0.79434188, -0.93846621,  1.01167928]), 'rot': array([[ 9.99684203e-01, -1.38674284e-02, -2.09568367e-02],\n",
      "       [ 1.38639760e-02,  9.99903842e-01, -3.10023172e-04],\n",
      "       [ 2.09591208e-02,  1.93801865e-05,  9.99780333e-01]])}\n",
      "Saved: 'vid_earthrise/img_0042.png'\n",
      " Time: 00:43.17 (Saving: 00:00.14)\n",
      "\n",
      "on i=43 t=Timestamp('2015-10-12 12:18:36.544303797+0000', tz='UTC') outpath='vid_earthrise'\n",
      "[ 0.00655396 -0.83397927  0.55175684] {'pos': array([ 0.6589041 , -0.96935833, -1.465707  ]), 'v': array([ 0.793851  , -0.93775549,  1.0127622 ]), 'rot': array([[ 9.99684203e-01, -1.38674284e-02, -2.09568367e-02],\n",
      "       [ 1.38639760e-02,  9.99903842e-01, -3.10023172e-04],\n",
      "       [ 2.09591208e-02,  1.93801865e-05,  9.99780333e-01]])}\n",
      "Saved: 'vid_earthrise/img_0043.png'\n",
      " Time: 00:43.51 (Saving: 00:00.14)\n",
      "\n",
      "on i=44 t=Timestamp('2015-10-12 12:18:37.556962025+0000', tz='UTC') outpath='vid_earthrise'\n",
      "[ 0.00655396 -0.83397927  0.55175684] {'pos': array([ 0.65969596, -0.97029366, -1.46469592]), 'v': array([ 0.79335951, -0.93704405,  1.01384443]), 'rot': array([[ 9.99684203e-01, -1.38674284e-02, -2.09568367e-02],\n",
      "       [ 1.38639760e-02,  9.99903842e-01, -3.10023172e-04],\n",
      "       [ 2.09591208e-02,  1.93801865e-05,  9.99780333e-01]])}\n",
      "Saved: 'vid_earthrise/img_0044.png'\n",
      " Time: 00:43.56 (Saving: 00:00.14)\n",
      "\n",
      "on i=45 t=Timestamp('2015-10-12 12:18:38.569620253+0000', tz='UTC') outpath='vid_earthrise'\n",
      "[ 0.00655396 -0.83397927  0.55175684] {'pos': array([ 0.66048733, -0.97122829, -1.46368377]), 'v': array([ 0.79286742, -0.93633189,  1.01492596]), 'rot': array([[ 9.99684203e-01, -1.38674284e-02, -2.09568367e-02],\n",
      "       [ 1.38639760e-02,  9.99903842e-01, -3.10023172e-04],\n",
      "       [ 2.09591208e-02,  1.93801865e-05,  9.99780333e-01]])}\n",
      "Saved: 'vid_earthrise/img_0045.png'\n",
      " Time: 00:43.89 (Saving: 00:00.14)\n",
      "\n",
      "on i=46 t=Timestamp('2015-10-12 12:18:39.582278481+0000', tz='UTC') outpath='vid_earthrise'\n",
      "[ 0.00655396 -0.83397927  0.55175684] {'pos': array([ 0.66127821, -0.97216221, -1.46267054]), 'v': array([ 0.79237473, -0.93561899,  1.01600679]), 'rot': array([[ 9.99684203e-01, -1.38674284e-02, -2.09568367e-02],\n",
      "       [ 1.38639760e-02,  9.99903842e-01, -3.10023172e-04],\n",
      "       [ 2.09591208e-02,  1.93801865e-05,  9.99780333e-01]])}\n",
      "Saved: 'vid_earthrise/img_0046.png'\n",
      "on i=47 t=Timestamp('2015-10-12 12:18:40.594936708+0000', tz='UTC') outpath='vid_earthrise'\n",
      " Time: 00:44.18 (Saving: 00:00.14)\n",
      "\n",
      "[ 0.00655396 -0.83397927  0.55175684] {'pos': array([ 0.66206859, -0.97309541, -1.46165623]), 'v': array([ 0.79188144, -0.93490538,  1.01708693]), 'rot': array([[ 9.99684203e-01, -1.38674284e-02, -2.09568367e-02],\n",
      "       [ 1.38639760e-02,  9.99903842e-01, -3.10023172e-04],\n",
      "       [ 2.09591208e-02,  1.93801865e-05,  9.99780333e-01]])}\n",
      "Saved: 'vid_earthrise/img_0047.png'\n",
      " Time: 00:44.34 (Saving: 00:00.14)\n",
      "\n",
      "on i=48 t=Timestamp('2015-10-12 12:18:41.607594936+0000', tz='UTC') outpath='vid_earthrise'\n",
      "[ 0.00655396 -0.83397927  0.55175684] {'pos': array([ 0.66285848, -0.9740279 , -1.46064084]), 'v': array([ 0.79138754, -0.93419104,  1.01816637]), 'rot': array([[ 9.99684203e-01, -1.38674284e-02, -2.09568367e-02],\n",
      "       [ 1.38639760e-02,  9.99903842e-01, -3.10023172e-04],\n",
      "       [ 2.09591208e-02,  1.93801865e-05,  9.99780333e-01]])}\n",
      "Saved: 'vid_earthrise/img_0048.png'\n",
      " Time: 00:44.20 (Saving: 00:00.14)\n",
      "\n",
      "on i=49 t=Timestamp('2015-10-12 12:18:42.620253164+0000', tz='UTC') outpath='vid_earthrise'\n",
      "[ 0.00655396 -0.83397927  0.55175684] {'pos': array([ 0.66364788, -0.97495968, -1.45962438]), 'v': array([ 0.79089305, -0.93347598,  1.0192451 ]), 'rot': array([[ 9.99684203e-01, -1.38674284e-02, -2.09568367e-02],\n",
      "       [ 1.38639760e-02,  9.99903842e-01, -3.10023172e-04],\n",
      "       [ 2.09591208e-02,  1.93801865e-05,  9.99780333e-01]])}\n",
      "Saved: 'vid_earthrise/img_0049.png'\n",
      " Time: 00:44.74 (Saving: 00:00.14)\n",
      "\n",
      "on i=50 t=Timestamp('2015-10-12 12:18:43.632911392+0000', tz='UTC') outpath='vid_earthrise'\n",
      "[ 0.00655396 -0.83397927  0.55175684] {'pos': array([ 0.66443679, -0.97589075, -1.45860684]), 'v': array([ 0.79039795, -0.93276019,  1.02032314]), 'rot': array([[ 9.99684203e-01, -1.38674284e-02, -2.09568367e-02],\n",
      "       [ 1.38639760e-02,  9.99903842e-01, -3.10023172e-04],\n",
      "       [ 2.09591208e-02,  1.93801865e-05,  9.99780333e-01]])}\n"
     ]
    },
    {
     "name": "stdout",
     "output_type": "stream",
     "text": [
      "Saved: 'vid_earthrise/img_0050.png'\n",
      " Time: 00:44.74 (Saving: 00:00.14)\n",
      "\n",
      "on i=51 t=Timestamp('2015-10-12 12:18:44.645569620+0000', tz='UTC') outpath='vid_earthrise'\n",
      "[ 0.00655396 -0.83397927  0.55175684] {'pos': array([ 0.6652252 , -0.9768211 , -1.45758822]), 'v': array([ 0.78990225, -0.93204368,  1.02140048]), 'rot': array([[ 9.99684203e-01, -1.38674284e-02, -2.09568367e-02],\n",
      "       [ 1.38639760e-02,  9.99903842e-01, -3.10023172e-04],\n",
      "       [ 2.09591208e-02,  1.93801865e-05,  9.99780333e-01]])}\n",
      "Saved: 'vid_earthrise/img_0051.png'\n",
      " Time: 00:45.14 (Saving: 00:00.14)\n",
      "\n",
      "on i=52 t=Timestamp('2015-10-12 12:18:45.658227848+0000', tz='UTC') outpath='vid_earthrise'\n",
      "[ 0.00655396 -0.83397927  0.55175684] {'pos': array([ 0.66601312, -0.97775074, -1.45656853]), 'v': array([ 0.78940594, -0.93132645,  1.02247711]), 'rot': array([[ 9.99684203e-01, -1.38674284e-02, -2.09568367e-02],\n",
      "       [ 1.38639760e-02,  9.99903842e-01, -3.10023172e-04],\n",
      "       [ 2.09591208e-02,  1.93801865e-05,  9.99780333e-01]])}\n",
      "Saved: 'vid_earthrise/img_0052.png'\n",
      " Time: 00:45.62 (Saving: 00:00.14)\n",
      "\n",
      "on i=53 t=Timestamp('2015-10-12 12:18:46.670886075+0000', tz='UTC') outpath='vid_earthrise'\n",
      "[ 0.00655396 -0.83397927  0.55175684] {'pos': array([ 0.66680054, -0.97867965, -1.45554776]), 'v': array([ 0.78890904, -0.9306085 ,  1.02355304]), 'rot': array([[ 9.99684203e-01, -1.38674284e-02, -2.09568367e-02],\n",
      "       [ 1.38639760e-02,  9.99903842e-01, -3.10023172e-04],\n",
      "       [ 2.09591208e-02,  1.93801865e-05,  9.99780333e-01]])}\n",
      "Saved: 'vid_earthrise/img_0053.png'\n",
      " Time: 00:45.86 (Saving: 00:00.14)\n",
      "\n",
      "on i=54 t=Timestamp('2015-10-12 12:18:47.683544303+0000', tz='UTC') outpath='vid_earthrise'\n",
      "[ 0.00655396 -0.83397927  0.55175684] {'pos': array([ 0.66758747, -0.97960786, -1.45452593]), 'v': array([ 0.78841154, -0.92988983,  1.02462827]), 'rot': array([[ 9.99684203e-01, -1.38674284e-02, -2.09568367e-02],\n",
      "       [ 1.38639760e-02,  9.99903842e-01, -3.10023172e-04],\n",
      "       [ 2.09591208e-02,  1.93801865e-05,  9.99780333e-01]])}\n",
      "Saved: 'vid_earthrise/img_0054.png'\n",
      " Time: 00:45.82 (Saving: 00:00.14)\n",
      "\n",
      "on i=55 t=Timestamp('2015-10-12 12:18:48.696202531+0000', tz='UTC') outpath='vid_earthrise'\n",
      "[ 0.00655396 -0.83397927  0.55175684] {'pos': array([ 0.66837389, -0.98053534, -1.45350302]), 'v': array([ 0.78791344, -0.92917043,  1.0257028 ]), 'rot': array([[ 9.99684203e-01, -1.38674284e-02, -2.09568367e-02],\n",
      "       [ 1.38639760e-02,  9.99903842e-01, -3.10023172e-04],\n",
      "       [ 2.09591208e-02,  1.93801865e-05,  9.99780333e-01]])}\n",
      "Saved: 'vid_earthrise/img_0055.png'\n",
      " Time: 00:46.23 (Saving: 00:00.14)\n",
      "\n",
      "on i=56 t=Timestamp('2015-10-12 12:18:49.708860759+0000', tz='UTC') outpath='vid_earthrise'\n",
      "[ 0.00655396 -0.83397927  0.55175684] {'pos': array([ 0.66915983, -0.98146211, -1.45247903]), 'v': array([ 0.78741473, -0.92845032,  1.02677662]), 'rot': array([[ 9.99684203e-01, -1.38674284e-02, -2.09568367e-02],\n",
      "       [ 1.38639760e-02,  9.99903842e-01, -3.10023172e-04],\n",
      "       [ 2.09591208e-02,  1.93801865e-05,  9.99780333e-01]])}\n",
      "Saved: 'vid_earthrise/img_0056.png'\n",
      " Time: 00:46.15 (Saving: 00:00.14)\n",
      "\n",
      "on i=57 t=Timestamp('2015-10-12 12:18:50.721518987+0000', tz='UTC') outpath='vid_earthrise'\n",
      "[ 0.00655396 -0.83397927  0.55175684] {'pos': array([ 0.66994526, -0.98238816, -1.45145398]), 'v': array([ 0.78691543, -0.92772948,  1.02784973]), 'rot': array([[ 9.99684203e-01, -1.38674284e-02, -2.09568367e-02],\n",
      "       [ 1.38639760e-02,  9.99903842e-01, -3.10023172e-04],\n",
      "       [ 2.09591208e-02,  1.93801865e-05,  9.99780333e-01]])}\n",
      "Saved: 'vid_earthrise/img_0057.png'\n",
      " Time: 00:46.56 (Saving: 00:00.14)\n",
      "\n",
      "on i=58 t=Timestamp('2015-10-12 12:18:51.734177215+0000', tz='UTC') outpath='vid_earthrise'\n",
      "[ 0.00655396 -0.83397927  0.55175684] {'pos': array([ 0.67073019, -0.98331349, -1.45042786]), 'v': array([ 0.78641553, -0.92700792,  1.02892213]), 'rot': array([[ 9.99684203e-01, -1.38674284e-02, -2.09568367e-02],\n",
      "       [ 1.38639760e-02,  9.99903842e-01, -3.10023172e-04],\n",
      "       [ 2.09591208e-02,  1.93801865e-05,  9.99780333e-01]])}\n",
      "Saved: 'vid_earthrise/img_0058.png'\n",
      " Time: 00:46.70 (Saving: 00:00.14)\n",
      "\n",
      "on i=59 t=Timestamp('2015-10-12 12:18:52.746835443+0000', tz='UTC') outpath='vid_earthrise'\n",
      "[ 0.00655396 -0.83397927  0.55175684] {'pos': array([ 0.67151463, -0.98423809, -1.44940066]), 'v': array([ 0.78591503, -0.92628565,  1.02999383]), 'rot': array([[ 9.99684203e-01, -1.38674284e-02, -2.09568367e-02],\n",
      "       [ 1.38639760e-02,  9.99903842e-01, -3.10023172e-04],\n",
      "       [ 2.09591208e-02,  1.93801865e-05,  9.99780333e-01]])}\n",
      "Saved: 'vid_earthrise/img_0059.png'\n",
      " Time: 00:46.72 (Saving: 00:00.14)\n",
      "\n",
      "on i=60 t=Timestamp('2015-10-12 12:18:53.759493670+0000', tz='UTC') outpath='vid_earthrise'\n",
      "[ 0.00655396 -0.83397927  0.55175684] {'pos': array([ 0.67229857, -0.98516198, -1.4483724 ]), 'v': array([ 0.78541393, -0.92556265,  1.03106483]), 'rot': array([[ 9.99684203e-01, -1.38674284e-02, -2.09568367e-02],\n",
      "       [ 1.38639760e-02,  9.99903842e-01, -3.10023172e-04],\n",
      "       [ 2.09591208e-02,  1.93801865e-05,  9.99780333e-01]])}\n",
      "Saved: 'vid_earthrise/img_0060.png'\n",
      " Time: 00:46.17 (Saving: 00:00.14)\n",
      "\n",
      "on i=61 t=Timestamp('2015-10-12 12:18:54.772151898+0000', tz='UTC') outpath='vid_earthrise'\n",
      "[ 0.00655396 -0.83397927  0.55175684] {'pos': array([ 0.673082  , -0.98608515, -1.44734307]), 'v': array([ 0.78491223, -0.92483894,  1.03213511]), 'rot': array([[ 9.99684203e-01, -1.38674284e-02, -2.09568367e-02],\n",
      "       [ 1.38639760e-02,  9.99903842e-01, -3.10023172e-04],\n",
      "       [ 2.09591208e-02,  1.93801865e-05,  9.99780333e-01]])}\n",
      "Saved: 'vid_earthrise/img_0061.png'\n",
      " Time: 00:45.35 (Saving: 00:00.14)\n",
      "\n",
      "on i=62 t=Timestamp('2015-10-12 12:18:55.784810126+0000', tz='UTC') outpath='vid_earthrise'\n",
